0.0 2.4372000000000003
0.01433984908014506 2.4372000000000003
0.028537038308848395 2.4372000000000003
0.0428860930158685 2.1326374999999995
0.05698876311488571 2.1326374999999995
0.07123887648858411 2.1326374999999995
0.08549892887441396 2.1326374999999995
0.09976720174274459 2.1326374999999995
0.11399638627151423 2.1326374999999995
0.12825811340278032 2.3762894999999995
0.14254553091011746 2.3762894999999995
0.1565523683536162 2.3762894999999995
0.17101198909757429 2.3762894999999995
0.18526431357309048 2.3762894999999995
0.1995205567340065 2.3762894999999995
0.21377461068520195 2.0108055
0.228039096220716 2.0108055
0.2422813831696633 2.0108055
0.2565798999702838 2.0108055
0.2707522307226099 2.0108055
0.2850383784883091 2.0108055
0.2992929250116917 2.0108055
0.3135617342364039 2.3762894999999995
0.3278202541754293 2.3762894999999995
0.342051945349329 2.3762894999999995
0.35630713768957917 2.3762894999999995
0.3708097326203523 2.3762894999999995
0.38481405247267236 2.3762894999999995
0.399065840591807 2.0108055
0.4133224449723269 2.0108055
0.42757312754055266 2.0108055
0.4418496975137243 2.0108055
0.4560775685166616 2.0108055
0.4703329578857866 2.0108055
0.4846318577981082 2.0108055
0.4988343120761895 2.3762894999999995
0.513112896122304 2.3762894999999995
0.5273467327217299 2.3762894999999995
0.5416041361637979 2.3762894999999995
0.5558522683026992 2.3762894999999995
0.5701231463305974 2.3762894999999995
0.5843621385189152 2.0108055
0.5986412479753627 2.0108055
0.612864543529984 2.0108055
0.6271227788717457 2.0108055
0.6413744246922485 2.0108055
0.655629168244506 2.0108055
0.6698803981151619 2.315378
0.6841317265002552 2.315378
0.6983849485517568 2.315378
0.7126545458919684 2.315378
0.7269046483196182 2.315378
0.7411477452761621 2.315378
0.7554053566931536 2.315378
0.7696534122097146 2.0108055
0.7839049814078772 2.0108055
0.7981734731971799 2.0108055
0.8124149282464334 2.0108055
0.8266699782880517 2.0108055
0.8411185873071153 2.0108055
0.855172919655502 2.3762894999999995
0.8694295459281192 2.3762894999999995
0.8837843363646072 2.3762894999999995
0.8979522011291033 2.3762894999999995
0.9121850744762522 2.3762894999999995
0.9265944856952687 2.3762894999999995
0.9406927007525046 2.3762894999999995
0.9549443684651046 1.949888
0.969204158145768 1.949888
0.9834976726021769 1.949888
0.9977089931796266 1.949888
1.0119637148397869 1.949888
1.0262104896686612 1.949888
1.0404677289200002 2.4372000000000003
1.0547132668453827 2.4372000000000003
1.0689730455799973 2.4372000000000003
1.0832266726352973 2.4372000000000003
1.0975125358037328 2.4372000000000003
1.1117342003971122 2.4372000000000003
1.1259878165063637 2.0108055
1.1402407211224557 2.0108055
1.154494731289457 2.0108055
1.1686225554081635 2.0108055
1.1830258040018167 2.0108055
1.1972554373185789 2.0108055
1.2115536804679843 2.0108055
1.2257624177779638 2.4981095000000004
1.2400140088682237 2.4981095000000004
1.2542782535906682 2.4981095000000004
1.2685373865084155 2.4981095000000004
1.2827796515652656 2.4981095000000004
1.2970313740081088 2.4981095000000004
1.3114829494063436 2.1326374999999995
1.325580047966622 2.1326374999999995
1.3397888400068443 2.1326374999999995
1.3540632207702954 2.1326374999999995
1.3682943208575706 2.1326374999999995
1.3825479041286761 2.1326374999999995
1.3968039502607172 2.1326374999999995
1.4110538009292493 2.3762894999999995
1.4253104600400122 2.3762894999999995
1.439594549948574 2.3762894999999995
1.4538156891316205 2.3762894999999995
1.4680662512933116 2.3762894999999995
1.4823195390211048 2.3762894999999995
1.4965789346440186 2.0108055
1.5108268807000935 2.0108055
1.5250787126034226 2.0108055
1.5393313764064456 2.0108055
1.5536071473180693 2.0108055
1.567835915896992 2.0108055
1.582095026922642 2.4372000000000003
1.5963481285676089 2.4372000000000003
1.610605225520316 2.4372000000000003
1.6248577908089015 2.4372000000000003
1.6391041825260748 2.4372000000000003
1.6533584991824368 2.4372000000000003
1.6676211895659798 2.4372000000000003
1.6818818768226287 2.0108055
1.696118187229039 2.0108055
1.7103746274188298 2.0108055
1.7246437759710487 2.0108055
1.738899318584854 2.0108055
1.7531308784061705 2.0108055
1.7675902583370593 2.3762894999999995
1.7816418213351495 2.3762894999999995
1.7960021833103765 2.3762894999999995
1.810171449169094 2.3762894999999995
1.8244612091308319 2.3762894999999995
1.838760262287834 2.3762894999999995
1.8529093217408303 2.3762894999999995
1.8671584718622516 1.949888
1.8814141896128347 1.949888
1.8956620809386668 1.949888
1.9099132122948852 1.949888
1.924170232625252 1.949888
1.9384654984494374 1.949888
1.9526786251249066 2.3762894999999995
1.9669368057364254 2.3762894999999995
1.9811848065227435 2.3762894999999995
1.9954432170012828 2.3762894999999995
2.0096932975368356 2.3762894999999995
2.0239391200594814 2.3762894999999995
2.0382025000440867 2.0108055
2.0524997033188748 2.0108055
2.06670745548448 2.0108055
2.0809637205374933 2.0108055
2.095043732315902 2.0108055
2.109467055962693 2.0108055
2.123719424222404 2.0108055
2.138186896163749 2.3762894999999995
2.1522317791916525 2.3762894999999995
2.1665285117863506 2.3762894999999995
2.1807359793546923 2.3762894999999995
2.194999425015589 2.3762894999999995
2.2092573976521845 2.3762894999999995
2.2236914046424117 1.949888
2.2377502577088713 1.949888
2.252102880827736 1.949888
2.266275080227479 1.949888
2.280548771389868 1.949888
2.2947565454475702 1.949888
2.30901158454314 1.949888
2.3232651787602943 2.4372000000000003
2.3375213343528216 2.4372000000000003
2.3517755634407944 2.4372000000000003
2.366024516533341 2.4372000000000003
2.3802855212253995 2.4372000000000003
2.394559912934899 2.4372000000000003
2.408778884800322 2.0108055
2.4230392546215613 2.0108055
2.437295256969408 2.0108055
2.4515472311713693 2.0108055
2.4658011428239326 2.0108055
2.4800510153845616 2.0108055
2.4943093382947126 2.3762894999999995
2.5085738457223234 2.3762894999999995
2.522828031026102 2.3762894999999995
2.5370685228230787 2.3762894999999995
2.5513226205584685 2.3762894999999995
2.5655730513675765 2.3762894999999995
2.5798258793613287 2.3762894999999995
2.594078696409032 2.071722
2.6083344032135662 2.071722
2.62258940947099 2.071722
2.636840748802132 2.071722
2.6510943977495294 2.071722
2.665361050602667 2.071722
2.679813228033575 2.4981095000000004
2.6936515620048804 2.4981095000000004
2.7081053375588846 2.4981095000000004
2.722382214021417 2.4981095000000004
2.736613916141365 2.4981095000000004
2.7510938556320697 2.4981095000000004
2.765120535381146 2.4981095000000004
2.779417169461407 2.071722
2.793495156220825 2.071722
2.8078786143586036 2.071722
2.8219461476416057 2.071722
2.836197946706789 2.071722
2.850470171098665 2.071722
2.864707641786227 2.4372000000000003
2.8789542086401783 2.4372000000000003
2.8932692430281404 2.4372000000000003
2.9074650311626224 2.4372000000000003
2.92171977471488 2.4372000000000003
2.935983844300547 2.4372000000000003
2.9502216652616644 2.071722
2.9645979865757544 2.071722
2.978732214132894 2.071722
2.992981232901732 2.071722
3.007278655097492 2.071722
3.021490249326157 2.071722
3.035741435412618 2.071722
3.050000250894956 2.3762894999999995
3.0642513384669803 2.3762894999999995
3.0785693173420166 2.3762894999999995
3.0927583298724137 2.3762894999999995
3.107008782573619 2.3762894999999995
3.1213284580861886 2.3762894999999995
3.135516781015524 2.0108055
3.1498817184390666 2.0108055
3.1640753611480226 2.0108055
3.178296741144138 2.0108055
3.192587562872591 2.0108055
3.2067811399052553 2.0108055
3.2210399225494473 2.0108055
3.2353042876784266 2.4372000000000003
3.2495418459343774 2.4372000000000003
3.26379490379515 2.4372000000000003
3.278031225147609 2.4372000000000003
3.292306207943733 2.4372000000000003
3.306607209497386 2.4372000000000003
3.3208082079510035 2.0108055
3.335067056271487 2.0108055
3.349343582460464 2.0108055
3.3635703588585413 2.0108055
3.377827149321887 2.0108055
3.3920508717724043 2.0108055
3.406331218132344 2.3762894999999995
3.420628388568986 2.3762894999999995
3.4348348053166617 2.3762894999999995
3.4490935222845622 2.3762894999999995
3.4633681876452767 2.3762894999999995
3.4775990250273856 2.3762894999999995
3.4918520172118663 2.3762894999999995
3.506125062557388 1.949888
3.52035563723433 1.949888
3.5346402306611275 1.949888
3.548863186888242 1.949888
3.5631173284078264 1.949888
3.577379734194106 1.949888
3.5916249108998843 2.315378
3.606060461282965 2.315378
3.6201773502991172 2.315378
3.634397099333991 2.315378
3.6486507482813884 2.315378
3.663025200701706 2.315378
3.677145348759803 2.315378
3.691404711544571 2.0108055
3.705647983637893 2.0108055
3.7199034824675037 2.0108055
3.7342166450811547 2.0108055
3.748410309682208 2.0108055
3.7626670891995055 2.0108055
3.7769345520602395 2.4372000000000003
3.7911652252516195 2.4372000000000003
3.8054885020141795 2.4372000000000003
3.819674767086377 2.4372000000000003
3.833929532530732 2.4372000000000003
3.848234485607931 2.4372000000000003
3.862436885155769 1.949888
3.876685969600899 1.949888
3.8909579312876086 1.949888
3.9051989375488696 1.949888
3.919499380854044 1.949888
3.933705731925428 1.949888
3.9479549805612866 1.949888
3.962246918786697 2.3762894999999995
3.976464894561697 2.3762894999999995
3.99071215101671 2.3762894999999995
4.004973451252081 2.3762894999999995
4.0192202479730526 2.3762894999999995
4.033533859374696 2.3762894999999995
4.047723857049467 2.071722
4.062069485643275 2.071722
4.076221774180609 2.071722
4.0905033793361385 2.071722
4.104754247987191 2.071722
4.118991959487821 2.071722
4.133250238613778 2.071722
4.147561387154486 2.4372000000000003
4.161753989988824 2.4372000000000003
4.176012586550191 2.4372000000000003
4.1902955709078435 2.4372000000000003
4.204515856299099 2.4372000000000003
4.218770227685703 2.4372000000000003
4.2330251901589335 2.0108055
4.2472731252689595 2.0108055
4.261576414546771 2.0108055
4.275784889151584 2.0108055
4.290038067418891 2.0108055
4.304313280082036 2.0108055
4.318545321529491 2.4981095000000004
4.332797043972334 2.4981095000000004
4.347071172976667 2.4981095000000004
4.361304429435517 2.4981095000000004
4.37559572184406 2.4981095000000004
4.3898036819845885 2.4981095000000004
4.404062552197169 2.4981095000000004
4.418332926706832 2.0108055
4.432573724993168 2.0108055
4.446821605372952 2.0108055
4.461095832891723 2.0108055
4.475330194901481 2.0108055
4.489608308267506 2.0108055
4.50382766324463 2.3762894999999995
4.518274882115521 2.3762894999999995
4.53239853578971 2.3762894999999995
4.546614114380066 2.3762894999999995
4.560860823532649 2.3762894999999995
4.575336162802401 2.3762894999999995
4.589360601492054 2.3762894999999995
4.603621026043536 2.8635455000000003
4.617864571788073 2.8635455000000003
4.63211594395736 2.8635455000000003
4.646392097980685 2.8635455000000003
4.66062147953833 2.8635455000000003
4.674880568671882 2.8635455000000003
4.6891866601381365 4.811929500000001
4.703386761015768 4.811929500000001
4.717638658595388 4.811929500000001
4.731905169149894 4.811929500000001
4.74614277119004 4.811929500000001
4.7604827107191126 4.811929500000001
4.774658388081772 4.5684375
4.788902864240439 4.5684375
4.8031996734574784 4.5684375
4.817414825151939 4.5684375
4.831661665657105 4.5684375
4.845936341963868 4.5684375
4.860170703973627 4.5684375
4.874537075329537 4.994538
4.888695657844818 4.994538
4.90292866254455 4.994538
4.917209621883211 4.994538
4.9314892020197485 4.994538
4.9457028103213565 4.994538
4.959946947152518 4.5684375
4.974314697710551 4.5684375
4.988387879154632 4.5684375
5.0027224631854 4.5684375
5.016957000331936 4.5684375
5.031255421498658 4.5684375
5.0454748173794375 4.5684375
5.059731542166492 4.751058
5.073949605509881 4.751058
5.0882240738417215 4.751058
5.1025286438072195 4.751058
5.116727934677254 4.751058
5.130982262279665 4.751058
5.1452756234913934 4.5684375
5.159490205991327 4.5684375
5.173741359239642 4.5684375
5.187964600064021 4.5684375
5.202249138760575 4.5684375
5.216546046492051 4.5684375
5.230752539862067 5.055405499999999
5.245013139550327 5.055405499999999
5.2592894468183315 5.055405499999999
5.273523557068973 5.055405499999999
5.2877701458150215 5.055405499999999
5.302044077790479 5.055405499999999
5.31627944683671 5.055405499999999
5.330561150506676 4.5684375
5.344779739260399 4.5684375
5.359037241216903 4.5684375
5.3733019128352435 4.5684375
5.3875425688229495 4.5684375
5.401794740053785 4.5684375
5.416084412447135 6.0291495
5.430387439019779 6.0291495
5.444557175558587 6.0291495
5.458828053586485 6.0291495
5.473062360866001 6.0291495
5.4874370431533395 6.0291495
5.501573741636924 6.0291495
5.515835019980197 10.347050000000001
5.530153502373469 10.347050000000001
5.544326588403149 10.347050000000001
5.558586597004784 10.347050000000001
5.572855756503052 10.347050000000001
5.587084973869967 10.347050000000001
5.601407013729036 8.279951999999998
5.615595446118856 8.279951999999998
5.629848197490268 8.279951999999998
5.64415399341321 8.279951999999998
5.658360618135808 8.279951999999998
5.672607031745079 8.279951999999998
5.686869711182574 8.705625499999998
5.701112578272097 8.705625499999998
5.715426791706414 8.705625499999998
5.729626224875081 8.705625499999998
5.743874619719149 8.705625499999998
5.758163733864019 8.705625499999998
5.772383274923969 8.705625499999998
5.786797502404371 9.252848
5.800898180322543 9.252848
5.815144353118744 9.252848
5.829454483676932 9.252848
5.843644908247599 9.252848
5.857903658053646 9.252848
5.872178203007826 7.671761999999999
5.886529709629733 7.671761999999999
5.900799744811889 7.671761999999999
5.914932888710216 7.671761999999999
5.929171355488201 7.671761999999999
5.943484036475714 7.671761999999999
5.957674953618567 7.671761999999999
5.971930474340276 8.462389499999999
5.986226539226009 8.462389499999999
6.000446594750244 8.462389499999999
6.014692012269092 8.462389499999999
6.028916654187691 8.462389499999999
6.0431992007034 8.462389499999999
6.057494882477433 8.219137499999999
6.07170245950626 8.219137499999999
6.085959052940731 8.219137499999999
6.100243186633487 8.219137499999999
6.114508920018542 8.219137499999999
6.128717131918188 8.219137499999999
6.142991249976474 7.8542295
6.157220708156458 7.8542295
6.171511781644028 7.8542295
6.185722894246554 7.8542295
6.199981085804122 7.8542295
6.214255948193712 7.8542295
6.22848812099375 7.8542295
6.242903136589651 8.705625499999998
6.257015504887731 8.705625499999998
6.271248958375455 8.705625499999998
6.2855259990287164 8.705625499999998
6.299748287546866 8.705625499999998
6.314010518196368 8.705625499999998
6.328266432975826 8.279951999999998
6.342570370951044 8.279951999999998
6.356832160878063 8.279951999999998
6.371104407162036 8.279951999999998
6.385271691785957 8.279951999999998
6.399683415501768 8.279951999999998
6.413775640189878 8.279951999999998
6.428035539331028 7.428457999999999
6.442310609695541 7.428457999999999
6.456556465056333 7.428457999999999
6.470835574512781 7.428457999999999
6.485112494759507 7.428457999999999
6.499301945131848 7.428457999999999
6.513554904478183 9.374442
6.527826953733282 9.374442
6.542064052255192 9.374442
6.556374128083137 9.374442
6.570568624583884 9.374442
6.5848203360806785 9.374442
6.599115930286322 7.732585499999999
6.613331213333366 7.732585499999999
6.627582476042168 7.732585499999999
6.641841937341373 7.732585499999999
6.656089171904289 7.732585499999999
6.670305669962727 7.732585499999999
6.684597422105311 7.732585499999999
6.698847962374905 7.9758695
6.713130749703684 7.9758695
6.727357963943704 7.9758695
6.7416080992094995 7.9758695
6.7558660061698035 7.9758695
6.770117115633925 7.9758695
6.784423239938325 8.705625499999998
6.798711434615113 8.705625499999998
6.8127913697711815 8.705625499999998
6.827156898281348 8.705625499999998
6.841381277494782 8.705625499999998
6.855632266552369 8.705625499999998
6.869872123478526 8.705625499999998
6.884142760693355 8.158322
6.8984525190858905 8.158322
6.9126475409969705 8.158322
6.926915474537794 8.158322
6.941198612140128 8.158322
6.955406758363482 8.158322
6.969664763838224 8.219137499999999
6.983881842037238 8.219137499999999
6.998165165722398 8.219137499999999
7.012467316611155 8.219137499999999
7.026671161037409 8.219137499999999
7.040930053142087 8.219137499999999
7.055207925695042 8.644818
7.069437646580194 8.644818
7.083696505846725 8.644818
7.0979781219483025 8.644818
7.112194455816013 8.644818
7.126479191541442 8.644818
7.140699531662941 8.644818
7.15495238154879 7.5501119999999995
7.169223369037174 7.5501119999999995
7.183460237692063 7.5501119999999995
7.197715200165292 7.5501119999999995
7.211991354188617 7.5501119999999995
7.2263633765861455 7.5501119999999995
7.240504245514248 8.9488455
7.254842605931782 8.9488455
7.268985448029173 8.9488455
7.2832667685874375 8.9488455
7.2974893417028515 8.9488455
7.3118581240699925 8.9488455
7.3260603893847085 8.9488455
7.340246807701587 7.915049999999999
7.354503160322989 7.915049999999999
7.368774585653317 7.915049999999999
7.383009626318089 7.915049999999999
7.3972897318649595 7.915049999999999
7.411530223661936 7.915049999999999
7.425767617727158 7.9758695
7.440072680264843 7.9758695
7.4542786810626716 7.9758695
7.468529757688647 7.9758695
7.482793411324467 7.9758695
7.49703338865716 7.9758695
7.5113387576842054 9.009648
7.525544824158326 9.009648
7.539793492653608 9.009648
7.55408526668829 9.009648
7.568322419940442 9.009648
7.58255302745553 9.009648
7.596819527063987 9.009648
7.611062678750774 8.158322
7.625362498131178 8.158322
7.639572362884164 8.158322
7.653824457492659 8.158322
7.668097864057785 8.158322
7.682330474699767 8.158322
7.6965802815841045 7.671761999999999
7.710953362867808 7.671761999999999
7.725091651408979 7.671761999999999
7.739419481727758 7.671761999999999
7.753596595903324 7.671761999999999
7.767850288634915 7.671761999999999
7.782134761655178 7.671761999999999
7.796354970424094 9.070449499999999
7.810616073630589 9.070449499999999
7.824847611559808 9.070449499999999
7.839157961038969 9.070449499999999
7.8534159774597585 9.070449499999999
7.867632814845704 9.070449499999999
7.881887930563614 7.7934079999999994
7.896157166684222 7.7934079999999994
7.910389011102802 7.7934079999999994
7.9246431307302885 7.7934079999999994
7.938909871151815 7.7934079999999994
7.953139427846237 7.7934079999999994
7.967431377017696 8.5232
7.9816427304332915 8.5232
7.995934537306118 8.5232
8.010177601424516 8.5232
8.024411810189594 8.5232
8.038667440371789 8.5232
8.052935636617779 8.5232
8.067167623334992 8.219137499999999
8.081444116685823 8.219137499999999
8.095673279322495 8.219137499999999
8.109929128425662 8.219137499999999
8.124188469318332 8.219137499999999
8.138578648329954 8.219137499999999
8.152688083087007 7.9758695
8.167064743728604 7.9758695
8.181084968189545 7.9758695
8.195479043994467 7.9758695
8.209696625711718 7.9758695
8.22410725482267 7.9758695
8.23823528403576 7.9758695
8.252461797728671 8.766432
8.266715851679866 8.766432
8.281025599126353 8.766432
8.295223587416604 8.766432
8.30947607608285 8.766432
8.323745881397985 8.766432
8.33799671721089 8.279951999999998
8.352369481059185 8.279951999999998
8.366494010417263 8.279951999999998
8.380739307529575 8.279951999999998
8.395038918935056 8.279951999999998
8.40924926531418 8.279951999999998
8.423501173839849 7.306799999999999
8.437763076107894 7.306799999999999
8.452011230138892 7.306799999999999
8.46630843341368 7.306799999999999
8.480519108174262 7.306799999999999
8.49473309958757 7.306799999999999
8.509051045624462 7.306799999999999
8.523292741486785 9.313645499999998
8.537524312254149 9.313645499999998
8.551780413116433 9.313645499999998
8.566034762610942 9.313645499999998
8.58034167503084 9.313645499999998
8.594757927530233 9.313645499999998
8.6087943959273 7.915049999999999
8.623064617192282 7.915049999999999
8.637394341177469 7.915049999999999
8.651576534319586 7.915049999999999
8.665796589843822 7.915049999999999
8.680188958065164 7.915049999999999
8.69437421610089 7.915049999999999
8.70857071572853 8.097505499999999
8.722821113699494 8.097505499999999
8.737108651613365 8.097505499999999
8.751330491343522 8.097505499999999
8.765581972973296 8.097505499999999
8.779808825993713 8.097505499999999
8.794085877593023 8.644818
8.808405618781885 8.644818
8.822603081661804 8.644818
8.83685297611453 8.644818
8.851128593781473 8.644818
8.86535482287712 8.644818
8.879611854153534 8.036688
8.893882885426114 8.036688
8.908114642276304 8.036688
8.922405945630896 8.036688
8.936618930007734 8.036688
8.95087532641333 8.036688
8.965140370197323 8.036688
8.979384058240491 8.219137499999999
8.993635167704612 8.219137499999999
9.007923165352526 8.219137499999999
9.022141819782538 8.219137499999999
9.036411767396306 8.219137499999999
9.050643535192545 8.219137499999999
9.064898738478844 8.644818
9.079166606343376 8.644818
9.093331942570646 8.644818
9.107795591460489 8.644818
9.12197712783969 8.644818
9.136328429367214 8.644818
9.15042648829923 8.644818
9.164694706437318 7.671761999999999
9.178924482052711 7.671761999999999
9.193249630589584 7.671761999999999
9.207437657975605 7.671761999999999
9.221689314742157 7.671761999999999
9.235995329586071 7.671761999999999
9.250194248290454 8.9488455
9.264444285041812 8.9488455
9.27872526627257 8.9488455
9.292966163073345 8.9488455
9.307262567286585 8.9488455
9.321463948851903 8.9488455
9.335717893342613 7.8542295
9.350006963703288 7.8542295
9.36421725535217 7.8542295
9.378472513368711 7.8542295
9.392733605629159 7.8542295
9.40698103722095 7.8542295
9.421283768250282 7.8542295
9.435485587657544 7.5501119999999995
9.449744830035778 7.5501119999999995
9.464018094302272 7.5501119999999995
9.478247935593958 7.5501119999999995
9.492503127934206 7.5501119999999995
9.506746892599717 7.5501119999999995
9.521011969221854 9.009648
9.535314645520945 9.009648
9.549465368773328 9.009648
9.563875655676233 9.009648
9.578153550121286 9.009648
9.592282271815977 9.009648
9.606531783157003 9.009648
9.620760387545197 8.219137499999999
9.635035446963661 8.219137499999999
9.64933868151123 8.219137499999999
9.66353995361606 8.219137499999999
9.677799425861314 8.219137499999999
9.692076794896035 8.219137499999999
9.706303483725723 7.915049999999999
9.720555939553822 7.915049999999999
9.734798029473895 7.915049999999999
9.749096688573147 7.915049999999999
9.763366307805455 7.915049999999999
9.77756264324237 7.915049999999999
9.791818350046903 9.070449499999999
9.806093923929652 9.070449499999999
9.820331153804144 9.070449499999999
9.834584485316132 9.070449499999999
9.84885622808187 9.070449499999999
9.863086934111395 9.070449499999999
9.877366163974377 9.070449499999999
9.891585354760773 7.6109375
9.905849238263613 7.6109375
9.920108414965554 7.6109375
9.934353920052791 7.6109375
9.948605456412809 7.6109375
9.962899802768911 7.6109375
9.977116027176136 8.5232
9.991377108490534 8.5232
10.005612368076278 8.5232
10.02006811391903 8.5232
10.034150993562173 8.5232
10.048493198923307 8.5232
10.062640197638627 8.5232
10.076945260176313 8.279951999999998
10.091142832516717 8.279951999999998
10.105392376695887 8.279951999999998
10.11966439311284 8.279951999999998
10.133899576076244 8.279951999999998
10.148216350885935 8.279951999999998
10.16241181063896 7.9758695
10.176661847390317 7.9758695
10.190964195307949 7.9758695
10.205169802048028 7.9758695
10.219415690246965 7.9758695
10.233681817689769 7.9758695
10.247940797362837 8.644818
10.262228674604215 8.644818
10.276435157028182 8.644818
10.290688050698225 8.644818
10.30497054248369 8.644818
10.31917427744946 8.644818
10.333444170332983 8.644818
10.34771355969827 8.3407655
10.361974816149447 8.3407655
10.376267170324704 8.3407655
10.39046011248655 8.3407655
10.404714319682427 8.3407655
10.41898374188586 8.3407655
10.43322248231506 7.306799999999999
10.447473263397724 7.306799999999999
10.461713306406706 7.306799999999999
10.476181924802617 7.306799999999999
10.490294107017869 7.306799999999999
10.504487848241263 7.306799999999999
10.51874228530416 7.306799999999999
10.533024393977923 9.496032
10.547250524559134 9.496032
10.561505454194217 9.496032
10.575721897522413 9.496032
10.590007487039633 9.496032
10.604311465918506 9.496032
10.618514007764977 7.915049999999999
10.632768499558116 7.915049999999999
10.647051494861818 7.915049999999999
10.661274735686197 7.915049999999999
10.675530179785564 7.915049999999999
10.68980280918124 7.915049999999999
10.704051072672723 8.036688
10.718334166490862 8.036688
10.732539050791734 8.036688
10.746797121942766 8.036688
10.761063282223716 8.036688
10.775305656741052 8.036688
10.789556985126147 8.036688
10.803833522261172 8.705625499999998
10.818058612967764 8.705625499999998
10.832333157921944 8.705625499999998
10.846563798275177 8.705625499999998
10.860822876462683 8.705625499999998
10.875083125877387 8.705625499999998
10.889327985147755 8.097505499999999
10.903581305713695 8.097505499999999
10.917818535588188 8.097505499999999
10.93218889130579 8.097505499999999
10.946347922609062 8.097505499999999
10.960588622380962 8.097505499999999
10.974865827224953 8.097505499999999
10.989169532452612 8.158322
11.003494355488565 8.158322
11.017614394086175 8.158322
11.0319152314491 8.158322
11.046114292452113 8.158322
11.060367394097081 8.158322
11.074633423025448 8.705625499999998
11.088873389412091 8.705625499999998
11.10318420957134 8.705625499999998
11.117384846805354 8.705625499999998
11.131639896846973 8.705625499999998
11.145925978936381 8.705625499999998
11.160148004749363 7.6109375
11.174394133761371 7.6109375
11.188660797560557 7.6109375
11.202913045413732 7.6109375
11.217205727970448 7.6109375
11.231408346439258 7.6109375
11.245664797575097 7.6109375
11.259938291708611 9.1920495
11.27417257709603 9.1920495
11.288420074364113 9.1920495
11.302670910177019 9.1920495
11.316931761624398 9.1920495
11.331237754576213 9.1920495
11.345431331608877 7.915049999999999
11.359688745996994 7.915049999999999
11.373971664678356 7.915049999999999
11.388390062603275 7.915049999999999
11.402451444206962 7.915049999999999
11.416677607626317 7.915049999999999
11.43095691411164 7.915049999999999
11.445258276884896 7.8542295
11.45946377416449 7.8542295
11.47371261779655 7.8542295
11.487996860949792 7.8542295
11.502222422336475 7.8542295
11.516477286295267 7.8542295
11.530749171359636 9.13125
11.544982920390673 9.13125
11.559199210474189 9.13125
11.573489868011912 9.13125
11.587760023600602 9.13125
11.602018718676405 9.13125
11.616249151054715 8.279951999999998
11.63050172728935 8.279951999999998
11.644775954808122 8.279951999999998
11.65902535668866 8.279951999999998
11.673302375449824 8.279951999999998
11.687512130742324 8.279951999999998
11.701767487273303 8.279951999999998
11.716029783599096 7.671761999999999
11.730276689780554 7.671761999999999
11.744526518556988 7.671761999999999
11.758821926679806 7.671761999999999
11.77303423240163 7.671761999999999
11.787517214893846 7.671761999999999
11.801536013487928 9.009648
11.815795857898834 9.009648
11.829983513119204 9.009648
11.844496725717123 9.009648
11.858555337970513 9.009648
11.872871718722454 9.009648
11.887063292628223 9.009648
11.901318550644765 7.8542295
11.915583605374808 7.8542295
11.92987786416252 7.8542295
11.944136099504282 7.8542295
11.958328943151692 7.8542295
11.97257865152159 7.8542295
11.98688108700761 8.5840095
12.001321193827449 8.5840095
12.015407201159954 8.5840095
12.029716524591084 8.5840095
12.043854832143813 8.5840095
12.058157092493056 8.5840095
12.072362250445142 8.3407655
12.08661229814255 8.3407655
12.100895173039717 8.3407655
12.115114856398298 8.3407655
12.129365112070628 8.3407655
12.14365352566839 8.3407655
12.15788544670931 8.3407655
12.172187072187732 8.036688
12.186383856412638 8.036688
12.200637910363833 8.036688
12.214906653912253 8.036688
12.229144365412886 8.036688
12.243393865807862 8.036688
12.257630012023544 8.827237499999999
12.271902280199614 8.827237499999999
12.286211863455371 8.827237499999999
12.30052480714805 8.827237499999999
12.31466585409347 8.827237499999999
12.32894713086754 8.827237499999999
12.34316902532794 8.827237499999999
12.357419094917445 8.279951999999998
12.371642937774496 8.279951999999998
12.385924324009054 8.279951999999998
12.400229627359808 8.279951999999998
12.414433340433478 8.279951999999998
12.428687941687103 8.279951999999998
12.442971495239284 7.185138
12.457196892435237 7.185138
12.471471087115862 7.185138
12.485722130903692 7.185138
12.499957062107978 7.185138
12.514246504634306 7.185138
12.528456796283187 9.496032
12.542714342023887 9.496032
12.556982100427934 9.496032
12.571224026157276 9.496032
12.585476405363035 9.496032
12.599749001920564 9.496032
12.613992350636227 9.496032
12.628270704815321 7.8542295
12.642487016790934 7.8542295
12.656742493728448 7.8542295
12.671004921406825 7.8542295
12.685260595373212 7.8542295
12.699601451489828 7.8542295
12.713819000368934 7.915049999999999
12.728010858871967 7.915049999999999
12.742392270098657 7.915049999999999
12.756726646154501 7.915049999999999
12.770766672017364 7.915049999999999
12.785037035580977 7.915049999999999
12.799279891724453 7.915049999999999
12.813527706427944 8.827237499999999
12.82783275801958 8.827237499999999
12.842033767419247 8.827237499999999
12.856286847172116 8.827237499999999
12.870708178638061 8.827237499999999
12.884792306130745 8.827237499999999
12.899101845602308 8.3407655
12.913301508637996 8.3407655
12.927550779165953 8.3407655
12.941966728056524 8.3407655
12.956065618888234 8.3407655
12.970320800282435 8.3407655
12.984575609510985 8.219137499999999
12.998823697865692 8.219137499999999
13.013128224046994 8.219137499999999
13.027326387474025 8.219137499999999
13.041584699438125 8.219137499999999
13.055860295212971 8.219137499999999
13.07008714823339 8.219137499999999
13.084336561059978 8.9488455
13.098605797180586 8.9488455
13.112860836276154 8.9488455
13.127158740098054 8.9488455
13.141354528232535 8.9488455
13.15577233507083 8.9488455
13.169874107593863 7.671761999999999
13.184115376560289 7.671761999999999
13.198367175625473 7.671761999999999
13.212617321837318 7.671761999999999
13.226962687725958 7.671761999999999
13.241178408614946 7.671761999999999
13.255381070867951 7.671761999999999
13.269634424272036 8.9488455
13.283915569693523 8.9488455
13.298138733895561 8.9488455
13.312392864469096 8.9488455
13.326668624434673 8.9488455
13.34096276281585 8.9488455
13.355196008328653 8.036688
13.369403344544411 8.036688
13.383661076367936 8.036688
13.39793309278489 8.036688
13.4121654845059 8.036688
13.42642427809614 8.036688
13.440696075592122 7.671761999999999
13.454927854334409 7.671761999999999
13.46921110139723 7.671761999999999
13.483431441518727 7.671761999999999
13.497685188980562 7.671761999999999
13.511949203835986 7.671761999999999
13.526193176476419 7.671761999999999
13.54044530392306 9.070449499999999
13.554736038083124 9.070449499999999
13.568959158500967 9.070449499999999
13.583236965377631 9.070449499999999
13.597452784781057 9.070449499999999
13.611715923952593 9.070449499999999
13.62597575741745 8.279951999999998
13.640217518956064 8.279951999999998
13.654472328184614 8.279951999999998
13.668800859050503 8.279951999999998
13.68316138521646 8.279951999999998
13.69723519058531 8.279951999999998
13.711505871584334 8.279951999999998
13.725739489262788 7.732585499999999
13.740056340694817 7.732585499999999
13.754249578399975 7.732585499999999
13.768502515854214 7.732585499999999
13.78279690599451 7.732585499999999
13.797007263319683 7.732585499999999
13.811264097567223 9.1920495
13.825521096005494 9.1920495
13.839769950583603 9.1920495
13.85413226383602 9.1920495
13.86827863862657 9.1920495
13.882525774675049 9.1920495
13.896816432212772 7.671761999999999
13.911036476790958 7.671761999999999
13.925284696498247 7.671761999999999
13.939543336843808 7.671761999999999
13.953796033484977 7.671761999999999
13.968105310251374 7.671761999999999
13.982300343108502 7.671761999999999
13.996552350148608 8.279951999999998
14.01082867930871 8.279951999999998
14.025060556565437 8.279951999999998
14.039326563601707 8.279951999999998
14.053563038198847 8.279951999999998
14.067824196135586 8.279951999999998
14.082130254763692 8.462389499999999
14.096331504976428 8.462389499999999
14.110581837271098 8.462389499999999
14.12488174710043 8.462389499999999
14.13920033607365 8.462389499999999
14.153343462768303 8.462389499999999
14.167562555040261 8.462389499999999
14.181842485450353 8.158322
14.196148653538948 8.158322
14.21035266215593 8.158322
14.224613042923218 8.158322
14.238890061684383 8.158322
14.253118928777743 8.158322
14.2673717129873 8.279951999999998
14.281642842774316 8.279951999999998
14.295874774761286 8.279951999999998
14.310164742697948 8.279951999999998
14.324378121132535 8.279951999999998
14.33863460510652 8.279951999999998
14.352901903776525 8.401577999999999
14.367140764612259 8.401577999999999
14.381485826892078 8.401577999999999
14.395669057028273 8.401577999999999
14.409898942104155 8.401577999999999
14.424178489402546 8.401577999999999
14.438407126628885 8.401577999999999
14.452665898327028 7.428457999999999
14.466921834998583 7.428457999999999
14.481168029686883 7.428457999999999
14.495423451894153 7.428457999999999
14.50974737447358 7.428457999999999
14.52393794134288 7.428457999999999
14.538185099283455 9.374442
14.55243304533953 9.374442
14.566689770126585 9.374442
14.581026959316919 9.374442
14.59528771224986 9.374442
14.609449523849479 9.374442
14.623755363556613 9.374442
14.637956164981356 7.915049999999999
14.652210656774496 7.915049999999999
14.666471716196797 7.915049999999999
14.680711978126753 7.915049999999999
14.69502211963099 7.915049999999999
14.709222745918954 7.915049999999999
14.723470276025182 7.915049999999999
14.737766592670035 7.915049999999999
14.75198413060309 7.915049999999999
14.766351818365372 7.915049999999999
14.7804979632889 7.915049999999999
14.794744037570664 7.915049999999999
14.809042105583291 8.9488455
14.823249003957105 8.9488455
14.83750800552227 8.9488455
14.851780000047127 8.9488455
14.866011143918595 8.9488455
14.880258345643366 8.9488455
14.894513581767809 8.9488455
14.908769124381616 8.279951999999998
14.923075795988446 8.279951999999998
14.937273346436752 8.279951999999998
14.951493161147917 8.279951999999998
14.965797260433325 8.279951999999998
14.980049464502308 8.279951999999998
14.994300212746824 7.915049999999999
15.00851752081286 7.915049999999999
15.022795951614293 7.915049999999999
15.037121713129887 7.915049999999999
15.051417657609086 7.915049999999999
15.065556581021076 7.915049999999999
15.079838656856696 7.915049999999999
15.09407101573956 8.888042
15.10831522919306 8.888042
15.122535832019725 8.888042
15.136821760864454 8.888042
15.15111543951159 8.888042
15.165324866422633 8.888042
15.17958133945057 7.732585499999999
15.193856092379672 7.732585499999999
15.208091143990494 7.732585499999999
15.222356964943938 7.732585499999999
15.236567136186283 7.732585499999999
15.250843531022678 7.732585499999999
15.265130707716946 8.766432
15.27934582657326 8.766432
15.2936093269644 8.766432
15.307873287089581 8.766432
15.322115355117557 8.766432
15.33636698999201 8.766432
15.350662595143703 8.766432
15.364871463806265 8.219137499999999
15.379138193281744 8.219137499999999
15.393371920420682 8.219137499999999
15.407635070538268 8.219137499999999
15.42189689618397 8.219137499999999
15.436138800021217 8.219137499999999
15.45040626288195 7.915049999999999
15.464720826589824 7.915049999999999
15.47889957172663 7.915049999999999
15.493173438025797 7.915049999999999
15.507521638941027 7.915049999999999
15.521659850859857 7.915049999999999
15.535977118241735 7.915049999999999
15.550166864157388 9.009648
15.564417776592634 9.009648
15.578722554533055 9.009648
15.59292670544867 9.009648
15.607177814912792 9.009648
15.621439596774302 9.009648
15.635686163628252 8.3407655
15.649992495907576 8.3407655
15.664194435721372 8.3407655
15.678627274364938 8.3407655
15.692734834467142 8.3407655
15.70695745136675 8.3407655
15.721206141754129 7.489285499999999
15.735464431826134 7.489285499999999
15.749715070610165 7.489285499999999
15.764024610081728 7.489285499999999
15.77823678445097 7.489285499999999
15.79247669610737 7.489285499999999
15.806746643721137 7.489285499999999
15.820949459218822 9.313645499999998
15.835235245764917 9.313645499999998
15.849486311444844 9.313645499999998
15.863740934590567 9.313645499999998
15.878053254358475 9.313645499999998
15.892247367747522 9.313645499999998
15.906499736007232 7.8542295
15.92079906281545 7.8542295
15.934984550718196 7.8542295
15.949280320060618 7.8542295
15.963581693779924 7.8542295
15.977769108187225 7.8542295
15.992067854854865 7.8542295
16.006274151196006 8.3407655
16.020529452996744 8.3407655
16.034807369333894 8.3407655
16.049033784512364 8.3407655
16.06328893306842 8.3407655
16.077561332597075 8.3407655
16.09179605582644 8.644818
16.106080342763875 8.644818
16.12029992760802 8.644818
16.134550697744633 8.644818
16.148823896334836 8.644818
16.163061345130302 8.644818
16.177315366243352 8.097505499999999
16.191588455373065 8.097505499999999
16.205815899480108 8.097505499999999
16.22009880721542 8.097505499999999
16.234315370950153 8.097505499999999
16.248582297454504 8.097505499999999
16.262840707933044 8.097505499999999
16.27709067900811 8.401577999999999
16.291342510911438 8.401577999999999
16.305654765003055 8.401577999999999
16.31984521146582 8.401577999999999
16.33410573453174 8.401577999999999
16.34845518617705 8.401577999999999
16.36261760787485 8.644818
16.37687898473256 8.644818
16.391132119215673 8.644818
16.40538090811749 8.644818
16.41977618798776 8.644818
16.433875607110345 8.644818
16.448126880765194 8.644818
16.462374027759722 7.671761999999999
16.47663355473522 7.671761999999999
16.49090980727298 7.671761999999999
16.505142735350372 7.671761999999999
16.51939269547939 7.671761999999999
16.53368792846543 7.671761999999999
16.547900606352904 9.4352375
16.56215364232158 9.4352375
16.576419299084296 9.4352375
16.590783374650538 9.4352375
16.604964930041298 9.4352375
16.61916713256026 9.4352375
16.633422478145192 7.8542295
16.64770016461532 7.8542295
16.661934876898634 7.8542295
16.676179626708517 7.8542295
16.690431699424916 7.8542295
16.704689650169414 7.8542295
16.71899837963338 7.8542295
16.73319560170023 8.097505499999999
16.747447718200824 8.097505499999999
16.761716790130702 8.097505499999999
16.775954534469477 8.097505499999999
16.790215769028556 8.097505499999999
16.804439579047465 8.097505499999999
16.818716433617897 9.009648
16.83302191210543 9.009648
16.84719133120883 9.009648
16.861489585304284 9.009648
16.875858572765807 9.009648
16.88998586052813 9.009648
16.904236586880554 9.009648
16.91850802315693 8.401577999999999
16.9327442788331 8.401577999999999
16.947036764360938 8.401577999999999
16.96124280894296 8.401577999999999
16.975499938733815 8.401577999999999
16.989775819105922 8.401577999999999
17.004009195971307 8.219137499999999
17.01826469480092 8.219137499999999
17.032535977832616 8.219137499999999
17.046766333588586 8.219137499999999
17.06104813577299 8.219137499999999
17.075270862133085 8.219137499999999
17.089531812094897 8.9488455
17.103795027888776 8.9488455
17.118038486064922 8.9488455
17.132288555654426 8.9488455
17.14659622335168 8.9488455
17.160790862151057 8.9488455
17.17506350249278 8.9488455
17.18929403338553 7.7934079999999994
17.203556012275914 7.7934079999999994
17.2178179692742 7.7934079999999994
17.232058767560538 7.7934079999999994
17.246314758962335 7.7934079999999994
17.260772278064962 7.7934079999999994
17.274823512681593 9.13125
17.289076253106956 9.13125
17.303339742552048 9.13125
17.317599368041982 9.13125
17.332037534530677 9.13125
17.346098117072817 9.13125
17.360338816844717 9.13125
17.3746575947813 8.158322
17.38884676055638 8.158322
17.403097694883723 8.158322
17.417356258606944 8.158322
17.43161185595099 8.158322
17.44590943139143 8.158322
17.46011730396357 7.671761999999999
17.47437076682814 7.671761999999999
17.488653597941116 7.671761999999999
17.503020267720878 7.671761999999999
17.5171280576901 7.671761999999999
17.5315650091674 7.671761999999999
17.545634928689 9.13125
17.55994314368868 9.13125
17.574141252385466 9.13125
17.588393237533477 9.13125
17.602667738703463 9.13125
17.61690095137812 9.13125
17.631154950599072 9.13125
17.64539158938694 8.279951999999998
17.659661000644324 8.279951999999998
17.67397075903686 8.279951999999998
17.68816658000949 8.279951999999998
17.702424519807938 8.279951999999998
17.716863080354383 8.279951999999998
17.730927395499098 7.732585499999999
17.745181438504243 7.732585499999999
17.7594024901189 7.732585499999999
17.773708592531204 7.732585499999999
17.788080458803513 7.732585499999999
17.80220529465095 7.732585499999999
17.816463245395447 7.732585499999999
17.830728409585976 9.252848
17.84495198973786 9.252848
17.85921072859786 9.252848
17.87348188027697 9.252848
17.88771380131789 9.252848
17.9020026308655 9.252848
17.916219982715727 7.8542295
17.930473171929084 7.8542295
17.944744246985856 7.8542295
17.958983304850467 7.8542295
17.9732335386307 7.8542295
17.987508838862233 7.8542295
18.001739818542973 6.1508495
18.016034329089806 6.1508495
18.030243756000846 6.1508495
18.04450792410095 6.1508495
18.058760095331788 6.1508495
18.073014598070976 6.1508495
18.087262215745593 6.1508495
18.10157887014875 3.4116319999999996
18.115767477675348 3.4116319999999996
18.130029642648555 3.4116319999999996
18.144275377602813 3.4116319999999996
18.15852251365129 3.4116319999999996
18.17279988268601 3.4116319999999996
18.187035240786194 2.6199255
18.20132932443713 2.6199255
18.215596458916405 2.6199255
18.229812967920893 2.6199255
18.244047789664695 2.6199255
18.258419239987155 2.6199255
18.272563910074663 2.6199255
18.286877992156395 2.193552
18.30106234167009 2.193552
18.31531539953086 2.193552
18.32960421813242 2.193552
18.343820026589796 2.193552
18.358071464435376 2.193552
18.372327630973952 2.4981095000000004
18.386581137622716 2.4981095000000004
18.400884459738673 2.4981095000000004
18.415274805821564 2.4981095000000004
18.429347656003646 2.4981095000000004
18.443620416751905 2.4981095000000004
18.457849962500276 2.193552
18.472100798313186 2.193552
18.486354819426232 2.193552
18.500612200976203 2.193552
18.514917964061 2.193552
18.529112340155212 2.193552
18.543369732651232 2.193552
18.557631547350887 2.6199255
18.571873768623544 2.6199255
18.586132923433386 2.6199255
18.60035910874484 2.6199255
18.614635777232447 2.6199255
18.628939712327128 2.6199255
18.643140699834696 1.8889695
18.657397950032085 1.8889695
18.67167792422637 1.8889695
18.685920911722427 1.8889695
18.700155744412278 1.8889695
18.714492036026627 1.8889695
18.728663305012237 1.8889695
18.7429705020294 2.3762894999999995
18.757179272177524 2.3762894999999995
18.771422741299723 2.3762894999999995
18.78569722057761 2.3762894999999995
18.799927839038748 2.3762894999999995
18.81418146609405 2.3762894999999995
18.828455496583942 1.949888
18.842688720204645 1.949888
18.856965706127664 1.949888
18.871189023574384 1.949888
18.88544879136295 1.949888
18.89971096728221 1.949888
18.91395368112705 2.315378
18.928212025929298 2.315378
18.942494703797593 2.315378
18.95671090631272 2.315378
18.970979726483478 2.315378
18.985214657687767 2.315378
18.999471568557645 2.315378
19.0137337882611 2.071722
19.02798144971991 2.071722
19.04223116903586 2.071722
19.05655076792609 2.071722
19.07073874058187 2.071722
19.084990703837782 2.071722
19.09926439500017 2.3762894999999995
19.113496370771333 2.3762894999999995
19.127754025972518 2.3762894999999995
19.14203013621165 2.3762894999999995
19.156258149513217 2.3762894999999995
19.170656209679834 2.3762894999999995
19.184767450534906 2.3762894999999995
19.199016819577302 1.8889695
19.2132884857207 1.8889695
19.227544641313226 1.8889695
19.24183176327725 1.8889695
19.256040325450453 1.8889695
19.270287986909263 1.8889695
19.284573937646087 2.3762894999999995
19.29879462804114 2.3762894999999995
19.31304536533961 2.3762894999999995
19.32741542839444 2.3762894999999995
19.341553473242 2.3762894999999995
19.35586867182069 2.3762894999999995
19.370061767227217 2.0108055
19.384315175361547 2.0108055
19.398582517815747 2.0108055
19.412823283263936 2.0108055
19.427073276231102 2.0108055
19.44132982588138 2.0108055
19.455581997112212 2.0108055
19.469892499836053 2.3762894999999995
19.48408450063772 2.3762894999999995
19.498341915025836 2.3762894999999995
19.512625337225433 2.3762894999999995
19.526850121442664 2.3762894999999995
19.541097454520017 2.3762894999999995
19.5553230159067 2.0108055
19.569608025283344 2.0108055
19.583856759454918 2.0108055
19.598131578060315 2.0108055
19.61236816211794 2.0108055
19.626761362238973 2.0108055
19.64087479230377 2.0108055
19.65512849598141 2.3762894999999995
19.669399800905204 2.3762894999999995
19.683638059708265 2.3762894999999995
19.697935186360713 2.3762894999999995
19.712139753226175 2.3762894999999995
19.726390851744245 2.3762894999999995
19.740665571835205 1.8889695
19.754901345885234 1.8889695
19.76915672430831 1.8889695
19.783430842366595 1.8889695
19.797661099608128 1.8889695
19.811977896309912 1.8889695
19.82616572666706 2.3762894999999995
19.84042118171248 2.3762894999999995
19.854681660994203 2.3762894999999995
19.868932124641457 2.3762894999999995
19.88318354059494 2.3762894999999995
19.89750114730432 2.3762894999999995
19.91169000659004 2.3762894999999995
19.925948132471316 1.949888
19.94019480878575 1.949888
19.95444588541173 1.949888
19.96871947805968 1.949888
19.982958973766234 1.949888
19.997207018336745 1.949888
20.01151499252336 2.3762894999999995
20.025714152040813 2.3762894999999995
20.04002520206708 2.3762894999999995
20.054245137184783 2.3762894999999995
20.06847505509881 2.3762894999999995
20.082808982366657 2.3762894999999995
20.096984421796787 2.3762894999999995
20.111196716572564 1.949888
20.125548113733984 1.949888
20.139740333456622 1.949888
20.153996357696567 1.949888
20.16825863213026 1.949888
20.182513244329936 1.949888
20.19680377051508 2.4981095000000004
20.211012989451195 2.4981095000000004
20.2252622709252 2.4981095000000004
20.239684218250407 2.4981095000000004
20.253770116122425 2.4981095000000004
20.26801632175677 2.4981095000000004
20.28227293708334 2.071722
20.296525392911438 2.071722
20.310838675931624 2.071722
20.325036204487834 2.071722
20.339289349916996 2.071722
20.353554196672114 2.071722
20.367794152112708 2.071722
20.382051883936235 2.3762894999999995
20.396281145087347 2.3762894999999995
20.410554847195783 2.3762894999999995
20.42486258056933 2.3762894999999995
20.439059671283594 2.3762894999999995
20.453315815930072 2.3762894999999995
20.467593480508103 2.0108055
20.481826485207836 2.0108055
20.496079039550374 2.0108055
20.510363753383704 2.0108055
20.524583064576635 2.0108055
20.53899656961783 2.0108055
20.553082371855947 2.0108055
20.56734140625926 2.4372000000000003
20.58161517404399 2.4372000000000003
20.59584480736075 2.4372000000000003
20.610099178747355 2.4372000000000003
20.624374172489528 2.4372000000000003
20.638621538405026 2.4372000000000003
20.652901271786245 2.071722
20.66711419048679 2.071722
20.681364303860487 2.071722
20.695629314806336 2.071722
20.709876275718038 2.071722
20.724125393001312 2.071722
20.738416597841464 2.3762894999999995
20.752633555633945 2.3762894999999995
20.76692782536771 2.3762894999999995
20.781138335937563 2.3762894999999995
20.795393396925228 2.3762894999999995
20.809656590827007 2.3762894999999995
20.823900497791147 2.3762894999999995
20.838152559561497 2.0108055
20.852473242110538 2.0108055
20.866664465742755 2.0108055
20.88091241179883 2.0108055
20.895183924697545 2.0108055
20.909414181939077 2.0108055
20.92373658301775 2.3762894999999995
20.937926865289786 2.3762894999999995
20.952300997394154 2.3762894999999995
20.96649684025888 2.3762894999999995
20.980685710490643 2.3762894999999995
20.994934258579395 2.3762894999999995
21.00928670656148 2.3762894999999995
21.023451615892853 2.0108055
21.03775390908024 2.0108055
21.05195797242747 2.0108055
21.066207319577764 2.0108055
21.080496094395127 2.0108055
21.09471333678487 2.0108055
21.108966307077257 2.3762894999999995
21.12323736024193 2.3762894999999995
21.13748800997201 2.3762894999999995
21.1519006969401 2.3762894999999995
21.165983332889635 2.3762894999999995
21.180233665184304 2.3762894999999995
21.19450873554882 2.071722
21.208768199728564 2.071722
21.22299512649078 2.071722
21.23723936183638 2.071722
21.251502063165972 2.071722
21.2658110772272 2.071722
21.2800079271284 2.071722
21.29425911321486 2.4372000000000003
21.30853884659608 2.4372000000000003
21.322766487731993 2.4372000000000003
21.337023114004612 2.4372000000000003
21.351275602670857 2.4372000000000003
21.365524380626624 2.4372000000000003
21.379838900550304 2.0108055
21.394030846621725 2.0108055
21.408289268046314 2.0108055
21.42258031964179 2.0108055
21.436797288380316 2.0108055
21.45104733607772 2.0108055
21.465414780146396 2.0108055
21.479553473691364 2.4372000000000003
21.49384929776403 2.4372000000000003
21.508061351726735 2.4372000000000003
21.5223117278056 2.4372000000000003
21.536581697311465 2.4372000000000003
21.550820426794616 2.4372000000000003
21.565073440871195 2.0108055
21.57934801866352 2.0108055
21.593592385361703 2.0108055
21.60786710545266 2.0108055
21.622076630878137 2.0108055
21.63633948545241 2.0108055
21.650601146907384 2.3762894999999995
21.664848282955862 2.3762894999999995
21.679096962397196 2.3762894999999995
21.693418279817056 2.3762894999999995
21.7076088576324 2.3762894999999995
21.72186571377204 2.3762894999999995
21.736113046849393 2.3762894999999995
21.750361726290723 2.0108055
21.764641733323156 2.0108055
21.778873818554807 2.0108055
21.79312697493002 2.0108055
21.80743873644945 2.0108055
21.821634896749583 2.0108055
21.83588446282085 2.315378
21.850155899097228 2.315378
21.864374772448212 2.315378
21.87871920792272 2.315378
21.892899408883995 2.315378
21.907151218895226 2.315378
21.921513879540658 2.315378
21.935625328370655 2.0108055
21.949911268161433 2.0108055
21.964182813898294 2.0108055
21.978414045338152 2.0108055
21.992737924133387 2.0108055
22.006926301792966 2.0108055
22.021174904611957 2.315378
22.035459487092705 2.315378
22.04968674511692 2.315378
22.064088723968936 2.315378
22.078204562164423 2.315378
22.092459732612575 2.315378
22.10675757075818 2.0108055
22.12095242847853 2.0108055
22.135211440989746 2.0108055
22.14947592652526 2.0108055
22.16371222598562 2.0108055
22.17796969510398 2.0108055
22.19220037924141 2.0108055
22.206476215829323 2.4372000000000003
22.220780599711997 2.4372000000000003
22.234977088393588 2.4372000000000003
22.24923201802867 2.4372000000000003
22.263516830376442 2.4372000000000003
22.277762193165046 2.4372000000000003
22.291995548138335 1.949888
22.3062666888714 1.949888
22.320464709999797 1.949888
22.334817781906654 1.949888
22.34900498833903 1.949888
22.363259863243872 1.949888
22.377622775648423 1.949888
22.391767642764805 2.315378
22.406021565363417 2.315378
22.420294960982492 2.315378
22.434527330811406 2.315378
22.448810884363585 2.315378
22.46303297585286 2.315378
22.47728685466728 1.949888
22.49154989532438 1.949888
22.50579676866769 1.949888
22.520044627155375 1.949888
22.534338316748563 1.949888
22.548559324579024 1.949888
22.562838466873618 2.3762894999999995
22.57706261622003 2.3762894999999995
22.591309412941 2.3762894999999995
22.60558593912998 2.3762894999999995
22.619859969619874 2.3762894999999995
